5288  1.59  0.00
5321  1.99  -0.50
5354  1.38  0.50
5387  1.18  0.55
5420  1.43  0.00
5453  1.81  0.00
5486  1.76  -0.63
5519  1.98  -0.22
5552  2.03  -0.25
5585  1.96  -0.47
5618  2.13  0.00
5651  1.28  -0.14
5684  1.40  -0.06
5717  2.73  0.55
5750  0.99  -0.33
5783  1.45  0.08
5816  2.10  0.38
5849  1.74  -0.33
5882  2.10  0.69
5915  1.85  -0.28
5948  1.46  -0.30
5981  1.36  0.00
6014  1.86  -0.06
6047  2.03  -0.50
6080  1.05  -0.11
6113  1.80  -0.31
6146  2.01  0.36
6179  1.50  0.42
6212  1.87  -0.47
6245  1.63  -0.14
6278  1.64  -0.14
6311  1.91  -0.06
6344  1.58  0.22
6377  1.58  -0.06
6410  0.93  -0.60
6443  1.64  0.06
6476  2.04  -0.03
6509  2.01  0.08
6542  1.55  -0.17
6575  2.18  -0.33
6608  2.03  -0.08
6641  1.87  0.11
6674  1.58  0.33
6707  1.35  0.03
6740  2.14  0.58
6773  1.43  0.30
6806  0.83  -0.03
6839  1.63  -0.22
6872  1.68  0.14
6905  1.60  -0.22
6938  1.85  -0.58
6971  1.86  0.33
7004  2.41  -0.47
7037  1.54  -0.64
7070  1.07  0.33
7103  1.68  -0.28
7136  2.28  -0.39
7169  1.97  0.06
7202  2.03  -0.36
7235  1.98  -0.31
7268  1.68  0.03
7301  2.19  0.33
7334  1.29  -0.11
7367  1.88  -0.72
7400  1.78  0.03
7433  2.00  -0.85
7466  1.53  0.25
7499  1.66  -0.03
7532  1.00  -0.31
7565  2.07  -0.28
7598  1.65  0.08
7631  3.12  0.11
7664  1.79  -0.17
7697  1.52  -0.14
7730  1.62  0.67
7763  1.27  -0.11
7796  2.09  0.14
7829  1.47  0.17
7862  2.04  -0.14
7895  1.98  0.55
7928  1.33  -0.11
7961  2.03  0.39
7994  1.62  0.14
8027  1.83  -0.14
8060  2.02  0.14
8093  1.90  -0.28
8126  1.89  0.42
8159  2.48  0.42
8192  1.41  0.17
8225  2.33  0.36
8258  0.95  0.31
8291  2.25  -0.71
8324  1.92  -0.06
8357  2.83  -0.08
8390  1.74  0.14
8423  1.40  -0.34
8456  1.48  0.60
8489  1.39  0.72
8522  1.72  0.00
8555  1.91  -0.08
8588  1.95  -0.03
8621  2.29  0.41
8654  1.78  -0.25
8687  1.24  -0.58
8720  1.72  0.33
8753  1.93  0.11
8786  2.49  0.22
8819  1.98  0.11
8852  2.47  0.00
8885  1.94  0.49
8918  2.06  0.42
8951  1.57  0.36
8984  1.22  0.39
9017  1.65  0.92
9050  4.00  1.99
9083  1.79  1.32
9116  2.26  0.42
9149  1.73  2.50
9182  0.58  1.44
9215  1.42  2.40
9248  1.93  1.63
9281  2.79  1.16
9314  2.73  3.33
9347  2.60  2.16
9380  1.67  2.48
9413  1.93  2.04
9446  1.89  3.24
9479  1.92  2.28
9512  2.01  1.68
9545  1.04  1.45
9578  2.08  1.63
9611  1.87  0.76
9644  1.66  0.24	
9677  1.82  0.14
9710  1.26  0.74
9743  1.87  0.70
9776  1.54  -0.25
9809  1.44  -0.39
9842  2.49  0.08
9875  1.97  0.25
9908  1.30  0.17
9941  2.24  -0.41
9974  1.84  1.05
10007  1.92  -0.27
10040  2.49  0.53
10073  1.55  -0.03
10106  2.32  0.61
10139  2.60  0.44
10172  1.96  0.39
10205  1.62  0.52
10238  2.28  0.71
10271  2.07  0.44