5069  49.12  32.82
5102  20.24  -9.14
5135  0.05  -10.73
5168  -78.95  -47.62
5201  84.17  54.84
5234  15.15  57.55
5267  59.09  26.32
5300  -87.91  -68.51
5333  89.15  88.67
5366  -100.67  -150.35
5399  0.94  -19.33
5432  -65.64  -22.15
5465  32.39  1.38
5498  10.06  -24.11
5531  55.41  5.80
5564  17.11  13.28
5597  7.45  -77.45
5630  26.65  20.16
5663  52.22  32.17
5696  63.00  52.82
5729  54.57  38.38
5762  -26.04  25.02
5795  -36.03  -23.54
5828  98.88  -117.24
5861  -72.87  -8.03
5894  -45.42  -16.34
5927  -14.72  22.74
5960  -19.75  -16.64
5993  -24.57  20.41
6026  27.08  35.59
6059  35.03  -33.45
6092  -13.53  9.24
6125  -64.74  -57.19
6158  45.33  22.74
6191  45.00  -45.00
6224  19.69  12.01
6257  21.68  21.04
6290  54.55  -19.87
6323  -2.39  8.11
6356  -68.40  -76.59
6389  -36.13  -57.34
6422  -45.43  -63.22
6455  45.88  19.93
6488  60.63  54.24
6521  69.25  -68.96
6554  10.54  39.65
6587  -103.37  146.51
6620  -54.49  -46.21
6653  53.02  53.02
6686  20.30  13.60
6719  -37.02  59.68
6752  -61.43  30.16
6785  -47.11  65.85
6818  74.43  64.11
6851  -28.18  20.36
6884  -73.34  58.68
6917  65.28  63.14
6950  -173.61  100.43
6983  -47.44  63.44
7016  7.99  14.34
7049  -114.96  -111.20
7082  49.71  -20.63
7115  -66.89  82.68
7148  30.29  63.90
7181  122.19  -120.64
7214  80.44  81.73
7247  23.56  -10.43
7280  -62.89  42.86
7313  -115.93  156.86
7346  54.72  -80.65
7379  63.57  72.16
7412  -29.18  47.03
7445  -70.61  -65.95
7478  5.84  31.29
7511  37.64  64.90
7544  -72.47  66.98
7577  -111.37  138.83
7610  54.47  40.17
7643  34.54  23.03
7676  29.97  8.00
7709  15.79  37.55
7742  9.37  -59.22
7775  71.76  -49.88
7808  55.62  54.26
7841  75.99  -35.65
7874  66.14  73.30
7907  45.53  62.93
7940  61.62  52.15
7973  -71.83  84.46
8006  -76.58  64.47
8039  59.31  64.46
8072  -18.49  -53.78
8105  173.82  116.87
8138  14.78  -45.48
8171  85.80  85.80
8204  -72.11  -60.82
8237  -36.70  -51.93
8270  53.84  53.84
8303  43.39  -32.42
8336  -36.07  -42.90
8369  -58.39  13.37
8402  14.44  -52.82
8435  61.28  60.69
8468  -17.78  -49.79
8501  49.34  41.95
8534  -64.62  -82.54
8567  -108.57  144.01
8600  39.91  45.00
8633  -30.39  40.61
8666  33.76  -29.88
8699  45.00  45.00
8732  62.19  64.24
8765  58.15  -72.39
8798  -112.07  -117.26
8831  -93.55  -98.66
8864  -67.45  3.33
8897  19.46  -33.80
8930  -1.38  -20.76
8963  45.00  40.73
8996  45.00  -6.68
9029  -69.79  -61.38
9062  -31.77  -20.21
9095  1.18  21.02
9128  13.71  8.53
9161  65.76  -66.63
9194  -49.79  -28.49
9227  71.68  -1.27
9260  36.44  71.34
9293  87.12  -80.11
9326  -30.03  37.01
9359  -39.17  34.25
9392  56.62  56.62
9425  -14.37  -34.45
9458  21.84  -66.46
9491  -14.10  24.37
9524  -41.67  34.96
9557  -79.50  70.51
9590  45.00  45.00
9623  -56.58  79.63
9656  45.00  14.67
9689  80.19  63.85
9722  41.74  29.99
9755  -14.14  6.88
9788  -15.81  -19.43
9821  -8.53  8.60
9854  41.58  13.84
9887  30.76  36.36
9920  45.00  45.00
9953  59.24  -16.97
9986  -64.30  -73.67
10019  -70.74  59.19
10052  15.88  -4.08
10085  -154.88  96.54