10107 4.67 -1.07 5.01 -0.49
10111 4.63 0.17 4.93 -0.36
10115 5.28 0.00 5.00 -0.29
10119 4.92 -0.48 4.99 -0.33
10124 4.57 -0.94 4.90 -0.45
10128 4.84 0.25 4.89 -0.31
10132 3.94 -0.03 4.70 -0.25
10136 4.96 -0.94 4.75 -0.39
10140 6.04 -1.74 5.01 -0.66
10145 6.03 -0.08 5.21 -0.55
10149 6.94 -1.33 5.56 -0.70
10153 6.51 -1.25 5.75 -0.81
10157 7.07 0.14 6.01 -0.62
10162 4.61 -0.17 5.73 -0.53
10166 5.06 -0.75 5.60 -0.57
10170 4.33 0.41 5.34 -0.38
10174 4.29 -0.33 5.13 -0.37
10178 4.07 -0.33 4.92 -0.36
10183 4.56 0.08 4.85 -0.27
10187 4.52 0.06 4.78 -0.21
10191 3.91 0.42 4.61 -0.08
10195 4.34 -0.22 4.55 -0.11
10199 5.20 -1.08 4.68 -0.30
10204 5.61 -0.52 4.87 -0.35
10208 5.91 -0.46 5.08 -0.37
10212 6.35 -1.19 5.33 -0.53
10216 6.86 -1.01 5.64 -0.63
10221 6.50 -1.38 5.81 -0.78
10225 5.04 -0.39 5.66 -0.70
10229 4.48 -0.11 5.42 -0.58
10233 5.17 -0.31 5.37 -0.53
10238 4.39 -0.86 5.17 -0.59
10242 4.56 -0.17 5.05 -0.51
10246 4.77 -0.83 4.99 -0.57
10250 4.26 -0.36 4.85 -0.53
10255 4.48 0.28 4.77 -0.37
10259 4.64 -1.91 4.75 -0.68
10263 5.35 -0.66 4.87 -0.67
10267 6.70 0.46 5.24 -0.45
10271 6.04 -1.12 5.40 -0.58
10276 5.78 -1.31 5.47 -0.73
10280 6.40 -0.08 5.66 -0.60
10284 5.09 0.08 5.54 -0.46
10288 4.65 -0.74 5.37 -0.52
10293 4.08 -0.33 5.11 -0.48
10297 5.36 0.17 5.16 -0.35
10301 4.23 -0.25 4.97 -0.33
10305 5.09 -0.65 5.00 -0.39
10309 4.29 -0.44 4.86 -0.40
10314 5.03 -0.22 4.89 -0.37
10318 4.55 -0.56 4.82 -0.41
10322 5.71 -1.04 5.00 -0.53
10326 6.50 0.19 5.30 -0.39
10331 6.16 -1.11 5.47 -0.53
10335 5.84 -1.19 5.55 -0.66
10339 6.15 0.31 5.67 -0.47
10343 5.50 -1.32 5.63 -0.64
10347 5.11 -0.89 5.53 -0.69
10352 4.91 -0.36 5.40 -0.62
10356 4.86 -0.25 5.30 -0.55
10360 4.30 -0.44 5.10 -0.53
10364 5.06 0.42 5.09 -0.34
10369 5.02 0.17 5.08 -0.24
10373 3.90 -0.36 4.84 -0.26
10377 4.85 -0.03 4.84 -0.21
10381 5.65 -0.82 5.00 -0.33
10385 5.74 0.45 5.15 -0.18
10390 6.10 -0.97 5.34 -0.34
10394 5.41 -1.44 5.35 -0.56
10398 6.23 0.84 5.53 -0.28
10402 5.26 -0.86 5.48 -0.39
10407 5.48 -2.12 5.48 -0.74
10411 5.14 -0.08 5.41 -0.61
10415 4.02 -0.85 5.13 -0.66
10419 4.69 -0.64 5.04 -0.65
10423 5.21 -0.31 5.08 -0.58
10428 5.04 -0.71 5.07 -0.61
10432 4.71 0.08 5.00 -0.47
10436 5.18 0.31 5.03 -0.31
10440 4.83 -0.86 4.99 -0.42
10445 5.79 -0.80 5.15 -0.50
10449 6.29 0.14 5.38 -0.37
10453 6.56 -1.13 5.62 -0.52
10457 5.09 -0.86 5.51 -0.59
10461 5.28 -0.06 5.47 -0.48
10466 4.85 -0.85 5.34 -0.56
10470 4.05 -0.78 5.08 -0.60
10474 4.91 0.35 5.05 -0.41
10478 4.61 0.75 4.96 -0.18
10482 3.92 -0.75 4.75 -0.29
10487 5.54 -0.23 4.91 -0.28
10491 4.89 -1.07 4.91 -0.44
10495 4.69 0.03 4.86 -0.34
10499 4.73 -1.53 4.84 -0.58
10504 5.29 -0.85 4.93 -0.63
10508 5.50 0.99 5.04 -0.31
10512 5.11 -1.80 5.06 -0.61
10516 5.98 -1.22 5.24 -0.73
10520 6.22 -0.50 5.44 -0.68
10525 5.06 -0.33 5.36 -0.61
10529 5.25 -1.08 5.34 -0.71
10533 5.32 -0.22 5.34 -0.61
10537 4.26 0.03 5.12 -0.48
10542 4.78 -0.25 5.05 -0.44
10546 4.64 -0.95 4.97 -0.54
10550 5.07 -0.33 4.99 -0.50
10554 4.16 -0.03 4.82 -0.40
10559 4.92 -0.45 4.84 -0.41
10563 5.28 -0.36 4.93 -0.40
10567 6.34 0.77 5.21 -0.17
10571 6.30 -0.31 5.43 -0.19
10575 5.70 -1.22 5.48 -0.40
10580 5.27 -0.54 5.44 -0.43
10584 5.53 -0.17 5.46 -0.37
10588 5.03 -1.36 5.37 -0.57
10592 5.25 -0.67 5.35 -0.59
10597 4.70 -0.71 5.22 -0.62
10601 4.64 0.83 5.10 -0.33
10605 4.73 -0.76 5.03 -0.41
10609 4.83 -1.13 4.99 -0.56
10614 4.69 0.33 4.93 -0.38
10618 4.88 0.14 4.92 -0.28
10622 5.62 -1.05 5.06 -0.43
10626 6.21 -1.26 5.29 -0.60
10630 6.12 1.42 5.45 -0.20
10635 5.99 -0.36 5.56 -0.23
10639 5.41 -1.02 5.53 -0.39
10643 5.74 0.68 5.57 -0.17
10647 5.54 -0.48 5.57 -0.23
10651 5.02 -1.47 5.46 -0.48
10656 4.88 0.25 5.34 -0.34
10660 5.27 -0.22 5.33 -0.31
10664 4.93 -0.69 5.25 -0.39
10668 5.06 -1.18 5.21 -0.55
10673 4.80 -0.56 5.13 -0.55
10677 4.77 -0.23 5.06 -0.48
10681 4.69 -0.66 4.98 -0.52
10685 6.44 -0.69 5.27 -0.55
10690 5.42 1.03 5.30 -0.24
10694 5.97 -0.42 5.44 -0.27
10698 5.45 -0.55 5.44 -0.33
10702 5.96 -0.42 5.54 -0.35
10706 5.44 0.11 5.52 -0.25
10711 4.91 -1.79 5.40 -0.56
10715 5.64 -0.60 5.45 -0.57
10719 4.04 0.25 5.17 -0.41
10723 4.45 0.17 5.02 -0.29
10727 5.15 -1.65 5.05 -0.56
10732 5.41 -0.08 5.12 -0.47
10736 4.40 -0.47 4.98 -0.47
10740 4.78 -0.88 4.94 -0.55
10744 5.50 -0.68 5.05 -0.58
10749 6.04 0.47 5.25 -0.37
10753 5.68 -0.42 5.33 -0.38
10757 6.05 0.06 5.48 -0.29
10761 5.97 -0.36 5.58 -0.30
10765 5.20 -0.86 5.50 -0.42
10770 5.07 -1.00 5.41 -0.53
10774 4.90 -0.89 5.31 -0.60
10778 4.53 -0.11 5.16 -0.50
10782 3.94 -0.74 4.91 -0.55
10787 3.80 -0.08 4.69 -0.46
10791 5.11 -0.51 4.77 -0.47
10795 4.48 -0.41 4.71 -0.46
10799 5.26 0.89 4.82 -0.19
10804 4.99 -0.25 4.86 -0.20
10808 5.68 -1.11 5.02 -0.38
10812 6.20 0.25 5.26 -0.25
10816 6.10 -1.07 5.43 -0.42
10820 5.03 -2.14 5.35 -0.76
10825 5.94 -0.05 5.47 -0.62
10829 5.89 -0.64 5.55 -0.62
10833 5.28 -1.88 5.50 -0.87
10837 5.13 -0.39 5.42 -0.78
10842 4.70 -0.03 5.28 -0.63
10846 4.26 -0.05 5.08 -0.51
10850 5.66 -0.03 5.19 -0.42
10854 4.80 -1.51 5.11 -0.63
10859 4.60 0.22 5.01 -0.46
10863 5.86 -1.10 5.18 -0.59
10867 5.78 -0.64 5.30 -0.60
10871 5.85 -0.73 5.41 -0.63
10875 5.84 -0.14 5.50 -0.53
10880 5.78 -0.80 5.55 -0.58
10884 5.63 -0.93 5.57 -0.65
10888 5.03 0.11 5.46 -0.50
10892 6.15 -0.93 5.60 -0.59
10897 4.59 -0.81 5.39 -0.63
10901 4.89 0.08 5.29 -0.49
10905 3.78 -1.15 4.99 -0.62
10909 4.66 -0.08 4.92 -0.51
10913 5.22 -0.62 4.98 -0.53
10918 4.66 -1.22 4.92 -0.67
10922 5.09 0.00 4.95 -0.54
10926 5.27 -0.03 5.02 -0.43
10930 6.77 -1.23 5.37 -0.59
10935 7.24 0.17 5.74 -0.44
10939 6.20 -0.28 5.84 -0.41
10943 5.12 -1.27 5.69 -0.58
10947 6.25 1.03 5.80 -0.26
10951 6.05 -0.11 5.85 -0.23
10956 4.05 -0.95 5.49 -0.37
10960 4.31 0.08 5.25 -0.28
10964 4.56 -0.19 5.12 -0.26
10968 3.72 -0.88 4.84 -0.39
10972 4.90 -0.14 4.85 -0.34
10977 5.24 -1.20 4.93 -0.51
10981 4.47 -0.60 4.84 -0.53
10985 5.31 0.22 4.93 -0.38
10989 5.30 -0.96 5.01 -0.49
10994 5.31 -0.73 5.07 -0.54
10998 5.72 -0.25 5.20 -0.48
11002 5.07 -0.22 5.17 -0.43
11006 5.32 -0.22 5.20 -0.39
11011 5.00 -0.97 5.16 -0.51
11015 5.16 -0.26 5.16 -0.46
11019 5.72 -0.34 5.27 -0.43
11023 4.88 -0.27 5.19 -0.40
11028 5.13 -0.36 5.18 -0.39
11032 3.75 -1.11 4.89 -0.53
11036 4.50 -0.45 4.81 -0.52
11040 5.11 0.19 4.87 -0.38
11044 4.66 0.03 4.83 -0.30
11049 5.67 -0.36 5.00 -0.31
11053 5.44 -0.48 5.09 -0.34
11057 6.19 0.14 5.31 -0.25
11061 6.23 -0.47 5.49 -0.29
11065 5.49 -1.98 5.49 -0.63
11070 6.12 -0.25 5.62 -0.55
11074 5.80 -0.42 5.65 -0.53
11078 5.26 -0.17 5.58 -0.45
11082 4.76 -1.57 5.41 -0.68
11087 4.63 0.35 5.26 -0.47
11091 4.36 -0.47 5.08 -0.47
11095 5.02 -1.52 5.07 -0.68
11099 4.31 -0.91 4.91 -0.73
11104 5.87 0.77 5.11 -0.43
11108 5.58 -0.94 5.20 -0.53
11112 5.80 -0.95 5.32 -0.61
11116 5.90 -0.90 5.44 -0.67
11120 5.72 -0.25 5.49 -0.59
11125 4.89 -1.33 5.37 -0.73
11129 5.11 -0.83 5.32 -0.75
11133 5.95 -0.17 5.45 -0.64
11137 4.48 -1.37 5.25 -0.78
11142 4.46 -0.22 5.09 -0.67
11146 4.88 0.00 5.05 -0.54
11150 5.02 -0.83 5.04 -0.60
11154 4.11 -0.69 4.86 -0.62
11159 5.73 -0.06 5.03 -0.50
11163 4.81 -0.03 4.99 -0.41
11167 5.75 0.38 5.14 -0.25
11171 6.27 -0.22 5.37 -0.24
11175 5.56 -1.25 5.41 -0.45
11180 5.80 0.30 5.48 -0.30
11184 5.94 0.53 5.58 -0.13
11188 5.00 0.08 5.46 -0.09
11192 5.59 0.06 5.49 -0.06
11196 5.63 0.14 5.52 -0.02
11200 4.81 -1.88 5.37 -0.39
11205 4.91 -1.06 5.28 -0.53
11209 3.43 -0.28 4.91 -0.48
11213 4.30 -0.75 4.79 -0.53
11217 4.81 -0.58 4.79 -0.54
11222 5.21 -0.54 4.88 -0.54
11226 4.67 -1.05 4.84 -0.64
11230 5.09 -0.33 4.89 -0.58
11234 5.78 -1.44 5.06 -0.75
11239 6.23 -0.22 5.30 -0.65
11243 6.30 -0.36 5.50 -0.59
11247 5.80 -0.19 5.56 -0.51
11251 5.39 0.24 5.52 -0.36
11256 5.75 1.04 5.57 -0.08
11260 4.77 -0.23 5.41 -0.11
11264 5.11 -1.45 5.35 -0.38
11268 4.49 -0.14 5.18 -0.33
11272 4.04 -0.05 4.95 -0.27
11277 4.14 -0.33 4.79 -0.29
11281 4.92 0.03 4.82 -0.22
11285 5.32 0.59 4.92 -0.06
11289 4.60 -0.79 4.85 -0.21
11293 5.17 -0.44 4.92 -0.25
11298 5.82 -0.22 5.10 -0.25
11302 6.09 -0.78 5.30 -0.35
11306 5.32 0.17 5.30 -0.25
11310 5.07 -0.66 5.25 -0.33
11315 5.42 -0.25 5.29 -0.32
11319 5.29 -0.45 5.29 -0.34
11323 5.27 0.23 5.28 -0.23
11327 4.47 -1.08 5.12 -0.40
11331 4.58 -0.55 5.01 -0.43
11336 4.64 -0.28 4.94 -0.40
11340 4.96 -0.82 4.94 -0.48
11344 4.45 -0.73 4.84 -0.53
11348 5.50 -0.41 4.98 -0.51
11353 5.25 -1.29 5.03 -0.67
11357 5.36 0.00 5.10 -0.53
11361 6.75 -0.44 5.43 -0.51
11365 7.22 0.34 5.78 -0.34
11369 5.55 -1.83 5.74 -0.64
11374 4.87 -0.63 5.56 -0.64
11378 5.53 -0.19 5.56 -0.55
11382 5.39 -0.47 5.52 -0.53
11386 5.13 -0.89 5.45 -0.61
11391 4.20 -0.25 5.20 -0.54
11395 4.85 -0.87 5.13 -0.60
11399 5.02 -0.36 5.11 -0.55
11403 4.67 -0.34 5.02 -0.51
11408 4.75 -0.11 4.96 -0.43
11412 5.44 -0.41 5.06 -0.43
11416 5.25 -0.62 5.10 -0.47
11420 6.50 -0.55 5.38 -0.48
11425 6.77 -0.64 5.66 -0.51
11429 6.39 -0.45 5.80 -0.50
11433 5.56 -0.64 5.75 -0.53
11437 5.09 -0.40 5.62 -0.50
11442 5.26 0.00 5.55 -0.40
11446 4.28 -1.00 5.29 -0.52
11450 4.26 -0.61 5.09 -0.54
11454 4.59 0.28 4.99 -0.38
11458 4.14 -0.08 4.82 -0.32
11463 4.95 -1.14 4.85 -0.48
11467 4.70 -0.88 4.82 -0.56
11471 5.24 0.50 4.90 -0.35
11475 5.58 -0.13 5.04 -0.31
11480 6.11 -0.78 5.25 -0.40
11484 6.87 -0.62 5.58 -0.44
11488 5.99 -0.55 5.66 -0.47
11492 6.17 -0.41 5.76 -0.46
11496 4.70 -0.14 5.55 -0.39
11501 5.50 -0.61 5.54 -0.44
11505 5.46 -0.36 5.52 -0.42
11509 4.50 -0.53 5.32 -0.44
11513 3.43 -0.25 4.94 -0.40
11518 4.63 -0.30 4.88 -0.38
11522 4.51 -1.28 4.80 -0.56
11526 5.00 -0.72 4.84 -0.59
11530 4.97 -0.70 4.87 -0.61
11535 5.39 -0.66 4.97 -0.62
11539 5.54 -1.14 5.09 -0.73
11543 6.10 -0.50 5.29 -0.68
11547 6.75 -0.23 5.58 -0.59
11552 6.14 -1.31 5.69 -0.74
11556 5.08 -0.08 5.57 -0.60
11560 5.17 -0.14 5.49 -0.51
11564 4.39 -0.97 5.27 -0.60
11569 4.66 0.03 5.15 -0.48
11573 4.05 -0.06 4.93 -0.39
11577 4.01 -0.28 4.75 -0.37
11581 3.80 -0.36 4.56 -0.37
11585 5.08 -1.03 4.66 -0.50
11590 5.12 -0.69 4.75 -0.54
11594 5.17 -0.08 4.84 -0.45
11598 5.86 -1.71 5.04 -0.70
11602 6.54 -0.96 5.34 -0.75
11607 6.12 0.25 5.50 -0.55
11611 6.10 0.14 5.62 -0.41
11615 5.62 -0.83 5.62 -0.50
11619 4.82 -0.38 5.46 -0.47
11624 5.43 -0.22 5.45 -0.42
11628 4.04 -0.56 5.17 -0.45
11632 3.84 -0.42 4.90 -0.44
11636 4.25 0.11 4.77 -0.33
11640 3.93 0.35 4.60 -0.20
11645 5.21 -1.03 4.73 -0.36
11649 6.54 -1.41 5.09 -0.57
11653 5.24 -1.22 5.12 -0.70
11657 6.58 0.33 5.41 -0.50
11661 6.71 -0.88 5.67 -0.57
11666 6.57 0.06 5.85 -0.45
11670 6.16 -0.76 5.91 -0.51
11674 5.78 -0.06 5.89 -0.42
11678 4.93 -0.38 5.70 -0.41
11683 4.16 0.41 5.39 -0.25
11687 4.37 0.37 5.19 -0.12
11691 3.47 -0.85 4.84 -0.27
11695 4.08 -0.88 4.69 -0.39
11699 3.65 0.46 4.48 -0.22
11704 5.13 0.37 4.61 -0.10
11708 6.06 -2.07 4.90 -0.50
11712 5.91 -0.42 5.10 -0.48
11716 6.11 -0.99 5.30 -0.58
11720 6.44 -1.15 5.53 -0.70
11725 6.65 -1.63 5.75 -0.88
11729 7.20 0.17 6.04 -0.67
11733 5.39 -0.43 5.91 -0.63
11737 4.98 -0.33 5.73 -0.57
11742 4.71 0.53 5.52 -0.35
11746 3.93 0.08 5.20 -0.26
11750 2.95 0.75 4.75 -0.06
11754 4.02 0.28 4.61 0.01
11758 4.34 -1.10 4.55 -0.21
11762 3.70 -0.71 4.38 -0.31
11767 6.19 -0.34 4.74 -0.32
11771 6.37 -2.86 5.07 -0.82
11775 6.16 -0.53 5.29 -0.77
11779 6.55 0.33 5.54 -0.55
11783 6.58 -0.99 5.75 -0.64
11788 6.82 -0.11 5.96 -0.53
11792 6.92 -0.26 6.15 -0.48
11796 4.49 -0.08 5.82 -0.40
11800 4.03 -0.35 5.46 -0.39
11805 4.05 0.64 5.18 -0.18
11809 3.50 -0.25 4.84 -0.20
11813 3.24 0.56 4.52 -0.05
11817 4.11 -0.82 4.44 -0.20
11821 4.58 -0.77 4.47 -0.32
11826 5.36 -1.39 4.65 -0.53
11830 6.06 -0.70 4.93 -0.56
11834 5.69 -0.90 5.08 -0.63
11838 5.23 -0.42 5.11 -0.59
11843 5.72 -0.93 5.23 -0.66
11847 6.14 -0.57 5.41 -0.64
11851 6.29 0.73 5.59 -0.37
11855 5.45 -0.57 5.56 -0.41
11860 5.06 -0.27 5.46 -0.38
11864 4.36 0.88 5.24 -0.13
11868 2.45 -1.31 4.68 -0.36
11872 3.27 -0.22 4.40 -0.34
11876 4.31 -0.59 4.38 -0.39
11881 5.34 -0.41 4.57 -0.39
11885 5.77 -1.22 4.81 -0.56
11889 7.01 -0.48 5.25 -0.54
11893 6.49 -1.37 5.50 -0.71
11898 5.66 -0.80 5.53 -0.73
11902 6.18 -0.45 5.66 -0.67
11906 6.57 -0.39 5.84 -0.61
11910 5.91 0.77 5.86 -0.34
11915 5.26 0.75 5.74 -0.12
11919 4.19 -0.77 5.43 -0.25
11923 4.40 1.36 5.22 0.07
11927 4.07 0.51 4.99 0.16
11931 3.20 -0.33 4.63 0.06
11935 3.84 -0.44 4.48 -0.04
11939 4.50 -0.91 4.48 -0.21
11944 5.77 -0.33 4.74 -0.24
11948 6.02 -1.58 4.99 -0.51
11952 6.54 -2.04 5.30 -0.81
11956 5.90 -1.14 5.42 -0.88
11961 6.08 -0.53 5.55 -0.81
11965 5.72 -1.24 5.59 -0.89
11969 5.81 0.08 5.63 -0.70
11973 5.32 0.55 5.57 -0.45
11978 4.74 0.44 5.40 -0.27
11982 4.12 -0.85 5.15 -0.39
11986 4.33 0.76 4.98 -0.16
11990 3.93 0.11 4.77 -0.10
11994 3.93 -0.39 4.61 -0.16
11998 4.61 -1.35 4.61 -0.40
12003 6.25 -0.08 4.94 -0.33
12007 6.37 -1.39 5.22 -0.55
12011 7.01 -1.55 5.58 -0.75
12015 6.76 -1.81 5.82 -0.96
12020 5.37 -0.66 5.73 -0.90
12024 5.61 -0.89 5.70 -0.90
12028 5.47 -1.09 5.66 -0.94
12032 6.32 1.27 5.79 -0.49
12037 5.37 0.83 5.71 -0.23
12041 4.15 -0.66 5.39 -0.31
12045 3.85 0.36 5.09 -0.18
12049 3.32 -0.06 4.73 -0.15
12053 3.49 -1.37 4.48 -0.40
12058 4.02 -1.21 4.39 -0.56
12062 5.83 -0.69 4.68 -0.59
12066 5.66 -1.15 4.88 -0.70
12070 6.86 -1.72 5.27 -0.90
12075 6.59 -1.58 5.54 -1.04
12079 5.27 0.22 5.48 -0.79
12083 4.41 -0.78 5.27 -0.79
12087 4.70 -0.25 5.16 -0.68
12091 6.22 0.63 5.37 -0.42
12096 5.04 1.12 5.30 -0.11
12100 4.84 0.62 5.21 0.04
12104 4.90 -0.73 5.15 -0.12
12108 3.85 -0.06 4.89 -0.11