10161 0.44 -5.87 -0.32 -6.22
10166 -0.59 -5.98 -0.37 -6.17
10170 0.59 -6.13 -0.18 -6.16
10175 -0.19 -6.46 -0.18 -6.22
10179 -0.64 -7.94 -0.28 -6.57
10183 -1.12 -6.39 -0.44 -6.53
10188 -0.11 -7.14 -0.38 -6.65
10192 -0.64 -6.29 -0.43 -6.58
10197 -0.38 -6.64 -0.42 -6.59
10201 -1.04 -6.96 -0.54 -6.66
10205 0.45 -5.44 -0.35 -6.42
10210 -0.52 -6.62 -0.38 -6.46
10214 -0.47 -5.84 -0.40 -6.34
10219 -0.28 -6.98 -0.38 -6.46
10223 -0.22 -5.96 -0.34 -6.36
10227 -0.33 -6.55 -0.34 -6.40
10232 -1.07 -6.06 -0.49 -6.33
10236 -1.07 -5.88 -0.60 -6.24
10241 -0.59 -7.32 -0.60 -6.46
10245 0.17 -6.53 -0.45 -6.47
10249 -0.94 -6.77 -0.54 -6.53
10254 -0.06 -6.72 -0.45 -6.57
10258 0.31 -6.50 -0.30 -6.56
10263 -0.36 -6.57 -0.31 -6.56
10267 -0.30 -4.78 -0.31 -6.20
10271 -0.11 -5.93 -0.27 -6.15
10276 -0.08 -6.51 -0.23 -6.22
10280 -0.11 -5.22 -0.21 -6.02
10285 -0.81 -6.09 -0.33 -6.04
10289 -0.58 -5.92 -0.38 -6.01
10294 -1.07 -7.13 -0.52 -6.24
10298 -0.44 -5.79 -0.50 -6.15
10302 0.06 -7.44 -0.39 -6.40
10307 -0.53 -5.09 -0.42 -6.14
10311 -0.91 -6.09 -0.52 -6.13
10316 -0.70 -6.66 -0.55 -6.24
10320 -1.53 -7.81 -0.75 -6.55
10324 -0.62 -5.31 -0.72 -6.30
10329 -0.53 -5.45 -0.68 -6.13
10333 -0.94 -4.84 -0.74 -5.88
10338 -0.03 -7.52 -0.59 -6.20
10342 0.39 -4.77 -0.40 -5.92
10346 -0.96 -6.57 -0.51 -6.05
10351 -0.90 -5.11 -0.59 -5.86
10355 -1.06 -5.83 -0.68 -5.85
10360 -0.45 -7.13 -0.64 -6.11
10364 -1.17 -6.33 -0.74 -6.15
10368 -0.38 -7.25 -0.67 -6.37
10373 -0.08 -5.29 -0.55 -6.16
10377 -0.25 -6.33 -0.49 -6.19
10382 0.91 -5.71 -0.21 -6.09
10386 -0.08 -5.69 -0.19 -6.01
10390 0.03 -5.84 -0.14 -5.98
10395 -0.36 -7.27 -0.19 -6.24
10399 0.36 -5.78 -0.08 -6.15
10403 0.53 -6.07 0.04 -6.13
10408 -0.61 -8.01 -0.09 -6.51
10412 0.62 -5.39 0.05 -6.28
10416 0.40 -5.74 0.12 -6.18
10421 0.16 -7.22 0.13 -6.38
10425 -0.84 -5.17 -0.06 -6.14
10429 -0.53 -5.69 -0.16 -6.05
10434 -1.26 -6.00 -0.38 -6.04
10438 -0.17 -6.33 -0.34 -6.10
10443 -1.00 -6.80 -0.47 -6.24
10447 -1.24 -7.27 -0.62 -6.45
10451 0.33 -5.55 -0.43 -6.27
10456 -0.96 -7.89 -0.54 -6.59
10460 -0.31 -6.64 -0.49 -6.60
10465 -0.62 -5.35 -0.52 -6.35
10469 -1.28 -6.68 -0.67 -6.42
10473 0.97 -5.35 -0.34 -6.20
10478 -1.48 -6.33 -0.57 -6.23
10482 -0.59 -6.98 -0.57 -6.38
10487 -1.00 -6.03 -0.66 -6.31
10491 0.89 -5.96 -0.35 -6.24
10495 -1.91 -6.92 -0.66 -6.37
10500 0.78 -5.36 -0.37 -6.17
10504 -0.05 -5.39 -0.31 -6.01
10508 -1.06 -6.32 -0.46 -6.08
10513 -0.51 -4.22 -0.47 -5.71
10517 -0.39 -6.69 -0.45 -5.90
10522 0.17 -7.80 -0.33 -6.28
10526 -0.42 -8.54 -0.35 -6.73
10530 -0.03 -6.02 -0.28 -6.59
10535 0.22 -6.45 -0.18 -6.56
10539 -1.00 -6.17 -0.35 -6.49
10544 -0.91 -7.06 -0.46 -6.60
10548 -1.44 -6.45 -0.66 -6.57
10552 -0.03 -7.68 -0.53 -6.79
10557 0.58 -5.96 -0.31 -6.63
10561 -0.33 -6.74 -0.31 -6.65
10566 0.00 -8.12 -0.25 -6.94
10570 -0.95 -7.83 -0.39 -7.12
10574 -0.57 -6.55 -0.43 -7.01
10579 0.64 -3.10 -0.21 -6.22
10583 -0.57 -7.59 -0.29 -6.50
10587 -0.73 -5.21 -0.37 -6.24
10592 -0.95 -7.18 -0.49 -6.43
10596 -0.80 -5.99 -0.55 -6.34
10601 -0.42 -6.28 -0.53 -6.33
10605 -1.28 -8.81 -0.68 -6.82
10610 -0.70 -7.15 -0.68 -6.89
10614 -0.69 -7.63 -0.68 -7.04
10618 -0.28 -5.15 -0.60 -6.66
10623 -1.31 -5.72 -0.74 -6.47
10627 1.04 -5.84 -0.39 -6.35
10632 -0.46 -6.14 -0.40 -6.31
10636 -0.36 -6.74 -0.39 -6.39
10640 0.35 -6.70 -0.24 -6.45
10645 -0.06 -4.75 -0.21 -6.11
10649 -1.30 -5.42 -0.42 -5.97
10654 -0.53 -6.91 -0.45 -6.16
10658 0.17 -5.92 -0.32 -6.11
10662 -0.83 -6.09 -0.43 -6.11
10667 0.08 -7.45 -0.32 -6.38
10671 -0.28 -5.94 -0.32 -6.29
10675 -1.04 -8.09 -0.46 -6.65
10680 -0.56 -8.03 -0.48 -6.92
10684 -1.14 -7.80 -0.61 -7.10
10689 -1.08 -7.08 -0.71 -7.10
10693 0.87 -2.83 -0.39 -6.24
10697 -2.85 -6.46 -0.88 -6.29
10702 0.74 -6.69 -0.56 -6.37
10706 -2.61 -5.64 -0.97 -6.22
10711 0.81 -5.90 -0.61 -6.16
10715 -2.19 -6.66 -0.93 -6.26
10719 0.03 -7.28 -0.74 -6.46
10724 -0.39 -6.44 -0.67 -6.46
10728 0.64 -7.10 -0.41 -6.59
10732 -0.08 -7.51 -0.34 -6.77
10737 -0.47 -6.48 -0.37 -6.71
10741 -0.89 -6.91 -0.47 -6.75
10746 -0.81 -5.99 -0.54 -6.60
10750 0.55 -5.53 -0.32 -6.39
10754 1.03 -6.33 -0.05 -6.37
10759 0.30 -6.44 0.02 -6.39
10763 0.19 -5.38 0.06 -6.19
10767 -0.44 -6.69 -0.04 -6.29
10772 -0.97 -5.76 -0.23 -6.18
10776 -0.50 -5.64 -0.28 -6.07
10781 -0.75 -6.38 -0.38 -6.13
10785 -0.49 -7.87 -0.40 -6.48
10789 -0.71 -6.54 -0.46 -6.49
10794 -0.87 -5.29 -0.54 -6.25
10798 0.19 -6.96 -0.39 -6.40
10803 -0.83 -6.36 -0.48 -6.39
10807 -0.56 -5.68 -0.50 -6.25
10811 -1.56 -6.60 -0.71 -6.32
10816 -0.31 -5.53 -0.63 -6.16
10820 -0.97 -8.01 -0.70 -6.53
10825 -2.27 -6.90 -1.01 -6.60
10829 -0.89 -4.48 -0.99 -6.18
10833 -1.82 -5.32 -1.16 -6.01
10838 -1.13 -6.91 -1.15 -6.19
10842 -0.97 -5.25 -1.11 -6.00
10847 -0.47 -6.85 -0.98 -6.17
10851 -0.08 -7.11 -0.80 -6.36
10856 -1.49 -6.83 -0.94 -6.45
10860 0.08 -5.60 -0.74 -6.28
10864 0.28 -4.82 -0.53 -5.99
10869 -0.59 -6.38 -0.54 -6.07
10873 0.19 -7.59 -0.40 -6.37
10877 -0.14 -6.29 -0.35 -6.36
10882 -0.11 -6.44 -0.30 -6.37
10886 -2.05 -5.55 -0.65 -6.21
10891 -0.59 -3.65 -0.64 -5.70
10895 -1.78 -7.84 -0.86 -6.13
10899 0.03 -6.29 -0.69 -6.16
10904 -0.03 -5.98 -0.55 -6.12
10908 -1.04 -6.20 -0.65 -6.14
10913 -0.85 -6.57 -0.69 -6.23
10917 -0.40 -4.10 -0.63 -5.80
10921 -0.97 -6.55 -0.70 -5.95
10926 -0.47 -7.51 -0.65 -6.26
10930 -0.59 -6.47 -0.64 -6.30
10935 0.73 -6.41 -0.37 -6.32
10939 -1.39 -5.63 -0.57 -6.19
10943 -0.72 -6.57 -0.60 -6.26
10948 -1.18 -6.13 -0.72 -6.24
10952 -0.95 -6.13 -0.76 -6.22
10957 -0.91 -5.55 -0.79 -6.08
10961 0.30 -5.99 -0.57 -6.06
10965 -1.44 -6.66 -0.75 -6.18
10970 -0.53 -6.92 -0.70 -6.33
10974 -0.14 -5.74 -0.59 -6.21
10979 -0.27 -7.11 -0.53 -6.39
10983 -0.75 -6.69 -0.57 -6.45
10987 0.68 -3.96 -0.32 -5.95
10992 -0.54 -6.73 -0.36 -6.11
10996 -0.94 -6.95 -0.48 -6.28
11001 -1.63 -6.41 -0.71 -6.30
11005 0.22 -6.75 -0.52 -6.39
11009 -0.88 -6.66 -0.59 -6.45
11014 -0.39 -5.18 -0.55 -6.19
11018 0.30 -7.82 -0.38 -6.52
11023 -1.99 -5.96 -0.70 -6.41
11027 -0.53 -5.95 -0.67 -6.31
11031 -2.44 -6.52 -1.02 -6.36
11036 -1.10 -6.45 -1.04 -6.38
11040 -0.47 -6.22 -0.93 -6.34
11045 -0.11 -8.06 -0.76 -6.69
11049 -0.97 -6.28 -0.80 -6.61
11053 -0.25 -7.16 -0.69 -6.72
11058 -1.15 -5.99 -0.78 -6.57
11062 -0.94 -5.95 -0.82 -6.45
11067 -0.74 -6.05 -0.80 -6.37
11071 -0.87 -4.92 -0.81 -6.08
11076 -0.63 -6.79 -0.78 -6.22
11080 0.22 -7.20 -0.58 -6.42
11084 -0.67 -5.09 -0.60 -6.15
11089 -0.36 -6.76 -0.55 -6.27
11093 -1.27 -7.16 -0.69 -6.45
11098 -0.20 -5.89 -0.59 -6.34
11102 0.56 -5.82 -0.36 -6.24
11106 -0.71 -7.06 -0.43 -6.40
11111 -0.82 -7.21 -0.51 -6.56
11115 -1.08 -7.59 -0.62 -6.77
11120 0.42 -5.39 -0.42 -6.49
11124 -0.96 -6.61 -0.52 -6.52
11128 -0.30 -6.85 -0.48 -6.58
11133 -1.32 -7.86 -0.65 -6.84
11137 -0.68 -4.02 -0.65 -6.28
11142 0.25 -5.67 -0.47 -6.16
11146 -0.20 -4.81 -0.42 -5.89
11150 -0.14 -6.53 -0.36 -6.01
11155 -0.08 -6.27 -0.31 -6.07
11159 -0.22 -5.83 -0.29 -6.02
11164 -0.56 -5.97 -0.34 -6.01
11168 -2.02 -7.20 -0.68 -6.25
11172 -0.17 -6.03 -0.58 -6.20
11177 0.14 -5.89 -0.43 -6.14
11181 -0.17 -5.39 -0.38 -5.99
11186 -1.08 -5.28 -0.52 -5.85
11190 -0.55 -5.66 -0.52 -5.81
11194 -0.58 -6.88 -0.54 -6.03
11199 -1.64 -6.09 -0.76 -6.04
11203 -0.89 -7.44 -0.78 -6.32
11208 0.16 -6.07 -0.59 -6.27
11212 -0.49 -7.17 -0.57 -6.45
11216 -0.76 -5.95 -0.61 -6.35
11221 -0.88 -5.81 -0.66 -6.24
11225 0.89 -7.04 -0.35 -6.40
11230 -0.28 -6.75 -0.34 -6.47
11234 -1.04 -7.17 -0.48 -6.61
11238 -1.12 -7.26 -0.61 -6.74
11243 -0.22 -7.60 -0.53 -6.91
11247 -1.46 -5.99 -0.71 -6.73
11252 -0.89 -5.49 -0.75 -6.48
11256 -0.99 -5.49 -0.80 -6.28
11260 -1.27 -7.84 -0.89 -6.59
11265 0.11 -5.50 -0.69 -6.37
11269 -0.22 -7.43 -0.60 -6.59
11274 -0.22 -4.68 -0.52 -6.20
11278 -1.86 -7.18 -0.79 -6.40
11282 -1.34 -7.86 -0.90 -6.69
11287 0.17 -6.00 -0.69 -6.55
11291 -0.22 -5.51 -0.59 -6.34
11296 -0.54 -5.66 -0.58 -6.21
11300 2.34 -6.56 0.00 -6.28
11304 -0.08 -6.98 -0.02 -6.42
11309 0.19 -5.87 0.03 -6.31
11313 -0.25 -5.75 -0.03 -6.20
11317 -0.89 -8.07 -0.20 -6.57
11322 -0.72 -5.68 -0.30 -6.39
11326 -0.25 -5.37 -0.29 -6.19
11331 0.25 -6.13 -0.18 -6.18
11335 -0.70 -8.11 -0.29 -6.56
11339 -0.86 -4.95 -0.40 -6.24
11344 -1.04 -6.66 -0.53 -6.33
11348 -0.61 -6.66 -0.55 -6.39
11353 -1.32 -5.93 -0.70 -6.30
11357 -1.75 -6.68 -0.91 -6.38
11361 1.27 -5.58 -0.48 -6.22
11366 0.91 -6.07 -0.20 -6.19
11370 0.14 -6.23 -0.13 -6.20
11374 -1.65 -6.26 -0.43 -6.21
11379 -1.00 -5.77 -0.55 -6.12
11383 -1.38 -6.50 -0.71 -6.20
11388 -1.08 -6.32 -0.79 -6.22
11392 -0.79 -5.97 -0.79 -6.17
11396 -0.28 -4.83 -0.69 -5.90
11401 -0.78 -6.52 -0.70 -6.03
11405 0.83 -5.96 -0.40 -6.01
11410 -0.88 -8.06 -0.49 -6.42
11414 -1.48 -5.77 -0.69 -6.29
11418 0.31 -6.28 -0.49 -6.29
11423 0.52 -5.62 -0.29 -6.15
11427 -0.16 -6.07 -0.26 -6.14
11432 -0.16 -5.98 -0.24 -6.10
11436 -1.59 -7.61 -0.51 -6.41
11440 -0.69 -6.71 -0.55 -6.47
11445 -1.06 -4.58 -0.65 -6.09
11449 -0.47 -6.26 -0.61 -6.12
11454 0.03 -6.87 -0.49 -6.27
11458 -0.99 -6.73 -0.59 -6.37
11462 -0.58 -6.31 -0.59 -6.35
11467 -1.29 -6.38 -0.73 -6.36
11471 -1.09 -5.77 -0.80 -6.24
11476 -0.58 -7.35 -0.75 -6.46
11480 -1.60 -6.46 -0.92 -6.46
11484 1.21 -5.97 -0.50 -6.37
11489 0.60 -6.01 -0.28 -6.29
11493 -1.50 -6.89 -0.52 -6.41
11498 -1.15 -7.32 -0.65 -6.59
11502 -0.30 -6.52 -0.58 -6.58
11506 0.45 -6.19 -0.37 -6.50
11511 0.50 -6.63 -0.20 -6.53
11515 -1.07 -4.97 -0.37 -6.22
11519 0.08 -5.57 -0.28 -6.09
11524 -2.12 -7.77 -0.65 -6.42
11528 0.17 -5.91 -0.49 -6.32
11533 -0.59 -6.61 -0.51 -6.38
11537 0.41 -5.93 -0.32 -6.29
11541 -1.10 -6.46 -0.48 -6.32
11546 -1.42 -5.82 -0.67 -6.22
11550 -1.46 -7.25 -0.83 -6.43
11555 -1.29 -6.86 -0.92 -6.52
11559 -0.82 -7.82 -0.90 -6.78
11563 0.08 -6.80 -0.70 -6.78
11568 -0.03 -6.12 -0.57 -6.65
11572 -0.47 -8.48 -0.55 -7.02
11577 -1.54 -6.53 -0.75 -6.92
11581 0.03 -5.56 -0.59 -6.65
11585 0.27 -6.24 -0.42 -6.57
11590 -0.03 -5.98 -0.34 -6.45
11594 -0.92 -6.51 -0.46 -6.46
11598 -0.39 -5.87 -0.44 -6.35
11603 -0.06 -7.30 -0.37 -6.54
11607 -0.74 -6.40 -0.44 -6.51
11612 0.00 -6.47 -0.35 -6.50
11616 -2.84 -7.69 -0.85 -6.74
11620 0.06 -5.19 -0.67 -6.43
11625 0.28 -6.26 -0.48 -6.40
11629 -0.19 -5.37 -0.42 -6.19
11633 -1.17 -8.64 -0.57 -6.68
11638 -1.66 -6.23 -0.79 -6.59
11642 -0.06 -5.78 -0.64 -6.43
11647 -0.77 -6.08 -0.67 -6.36
11651 -1.62 -6.21 -0.86 -6.33
11656 -0.66 -6.71 -0.82 -6.41
11660 -0.14 -7.67 -0.68 -6.66
11664 -0.34 -8.00 -0.61 -6.93
11669 0.25 -6.76 -0.44 -6.89
11673 -0.86 -5.61 -0.52 -6.64
11678 -2.33 -6.91 -0.89 -6.69
11682 -0.14 -6.58 -0.74 -6.67
11686 -0.39 -7.35 -0.67 -6.80
11691 -0.33 -4.47 -0.60 -6.34
11695 -0.03 -6.91 -0.49 -6.45
11700 -1.20 -7.17 -0.63 -6.59
11704 0.00 -4.61 -0.50 -6.20
11708 -1.93 -6.40 -0.79 -6.24
11713 -1.59 -6.69 -0.95 -6.33
11717 0.08 -5.95 -0.74 -6.25
11722 -0.49 -7.18 -0.69 -6.44
11726 -0.64 -6.35 -0.68 -6.42
11730 0.36 -6.28 -0.47 -6.39
11735 -0.08 -6.33 -0.39 -6.38
11739 -0.88 -6.97 -0.49 -6.50
11744 -0.57 -4.95 -0.51 -6.19
11748 -1.58 -6.09 -0.72 -6.17
11752 -0.61 -6.46 -0.70 -6.23
11757 -0.82 -6.16 -0.72 -6.21
11761 -1.05 -4.98 -0.79 -5.97
11766 -1.60 -7.66 -0.95 -6.31
11770 -1.82 -5.67 -1.12 -6.18
11774 -0.48 -5.58 -0.99 -6.06
11779 -0.20 -5.71 -0.84 -5.99
11783 -2.43 -6.01 -1.15 -5.99
11788 -1.09 -6.72 -1.14 -6.14
11792 -0.58 -5.88 -1.03 -6.09
11797 0.30 -5.88 -0.76 -6.05
11801 -0.03 -6.48 -0.62 -6.13
11805 -1.56 -7.65 -0.80 -6.44
11810 -1.14 -6.43 -0.87 -6.44
11814 0.74 -7.14 -0.55 -6.58
11818 0.25 -5.60 -0.39 -6.38
11823 0.08 -5.04 -0.30 -6.11
11827 -0.86 -6.66 -0.41 -6.22
11831 -0.84 -6.62 -0.49 -6.30
11836 -0.47 -8.92 -0.49 -6.82
11840 -0.44 -7.93 -0.48 -7.05
11845 -0.39 -6.31 -0.46 -6.90
11849 -1.18 -6.46 -0.61 -6.81
11854 0.99 -5.35 -0.29 -6.52
11858 -1.36 -6.55 -0.50 -6.53
11862 0.08 -4.54 -0.39 -6.13
11867 -2.81 -7.05 -0.87 -6.31
11871 -0.22 -5.99 -0.74 -6.25
11876 -1.71 -6.28 -0.93 -6.26
11880 0.08 -5.75 -0.73 -6.15
11884 0.87 -5.97 -0.41 -6.12
11889 -1.30 -5.74 -0.59 -6.04
11893 -0.08 -6.97 -0.49 -6.23
11897 0.00 -6.25 -0.39 -6.23
11902 0.42 -5.99 -0.23 -6.18
11906 -0.25 -5.65 -0.23 -6.08
11910 -0.85 -4.71 -0.36 -5.80
11915 0.25 -6.33 -0.24 -5.91
11919 -0.84 -6.32 -0.36 -5.99
11924 0.46 -5.43 -0.19 -5.88
11928 -3.05 -8.04 -0.76 -6.31
11932 0.08 -5.75 -0.59 -6.20
11937 -0.47 -6.44 -0.57 -6.25
11941 -0.66 -5.03 -0.59 -6.00
11946 -2.71 -6.84 -1.01 -6.17
11950 -0.91 -5.49 -0.99 -6.03
11954 -0.94 -5.65 -0.98 -5.96
11959 -0.37 -6.72 -0.86 -6.11
11963 -0.57 -5.86 -0.80 -6.06
11968 -0.53 -5.92 -0.75 -6.03
11972 -2.23 -7.38 -1.04 -6.30
11976 -1.84 -6.24 -1.20 -6.29
11981 0.91 -6.49 -0.78 -6.33
11985 -0.63 -6.00 -0.75 -6.26
11990 0.06 -6.17 -0.59 -6.25
11994 -0.63 -6.59 -0.60 -6.31
11998 -0.47 -8.05 -0.57 -6.66
12003 -0.86 -7.29 -0.63 -6.79
12007 -1.07 -5.51 -0.72 -6.53
12012 0.86 -7.41 -0.40 -6.71
12016 -0.78 -5.58 -0.48 -6.48
12020 -0.38 -7.19 -0.46 -6.62
12025 -0.83 -5.78 -0.53 -6.46
12029 -0.45 -5.97 -0.52 -6.36
12034 0.28 -5.81 -0.36 -6.25
12038 1.91 -6.46 0.10 -6.29
12042 -0.65 -5.92 -0.05 -6.22
12047 -0.90 -6.84 -0.22 -6.34
12051 -0.38 -6.16 -0.25 -6.30
12055 -1.27 -6.01 -0.46 -6.25
12060 -0.59 -6.60 -0.48 -6.32
12064 -0.69 -5.75 -0.53 -6.20
12069 -1.72 -5.65 -0.76 -6.09
12073 -0.90 -5.87 -0.79 -6.05
12078 -0.98 -5.99 -0.83 -6.04
12082 1.63 -5.69 -0.34 -5.97
12086 -0.70 -6.15 -0.41 -6.00
12091 0.57 -6.00 -0.21 -6.00
12095 -0.14 -6.00 -0.20 -6.00
12099 1.05 -6.32 0.05 -6.07
12104 -0.66 -7.76 -0.09 -6.40
12108 -1.48 -5.47 -0.37 -6.22
12112 -0.75 -5.67 -0.44 -6.11
12117 -0.58 -4.75 -0.47 -5.84
12121 -0.19 -6.39 -0.41 -5.95
12126 -0.66 -6.87 -0.46 -6.13
12130 -0.80 -6.08 -0.53 -6.12
12135 -0.61 -6.21 -0.55 -6.14
12139 -1.18 -5.14 -0.67 -5.94
12143 -1.12 -6.71 -0.76 -6.09
12148 -0.33 -6.00 -0.68 -6.08
12152 -0.06 -5.94 -0.55 -6.05
12157 -1.58 -6.48 -0.76 -6.13
12161 -0.36 -8.48 -0.68 -6.60